0	3
0	14
0	28
0	43
0	67
0	99
0	104
0	120
0	147
0	150
0	152
0	156
0	168
0	175
0	228
0	241
0	248
1	19
1	71
1	82
1	89
1	102
1	124
1	125
1	136
1	145
1	203
1	247
2	22
2	48
2	49
2	57
2	59
2	77
2	81
2	103
2	113
2	214
2	221
2	238
2	250
2	252
3	0
3	18
3	22
3	36
3	59
3	72
3	108
3	117
3	127
3	147
3	159
3	173
3	191
3	194
3	202
3	231
3	253
4	7
4	9
4	11
4	23
4	30
4	54
4	69
4	93
4	120
4	129
4	158
4	214
4	215
4	217
4	242
4	243
5	14
5	21
5	60
5	104
5	111
5	114
5	115
5	134
5	146
5	148
5	151
5	169
5	175
5	195
5	197
5	211
5	224
5	240
5	252
6	14
6	57
6	59
6	60
6	71
6	80
6	134
6	140
6	147
6	158
6	167
6	176
6	177
6	181
6	189
6	208
6	228
6	233
6	238
7	4
7	8
7	16
7	28
7	39
7	51
7	55
7	56
7	62
7	63
7	66
7	106
7	122
7	134
7	151
7	170
7	172
7	175
7	189
7	191
7	193
7	203
7	204
7	217
8	7
8	10
8	19
8	27
8	132
8	140
8	161
8	167
8	170
8	184
8	192
8	202
8	221
8	222
8	235
9	4
9	14
9	95
9	126
9	155
9	156
9	189
9	197
9	212
9	216
9	222
9	239
10	8
10	26
10	58
10	71
10	73
10	74
10	131
10	141
10	144
10	150
10	169
10	172
10	183
10	188
10	233
10	239
10	242
10	250
11	4
11	25
11	52
11	70
11	87
11	97
11	110
11	119
11	122
11	140
11	145
11	146
11	172
11	180
11	203
11	205
11	209
11	224
12	15
12	45
12	97
12	115
12	118
12	136
12	144
12	161
12	163
12	196
12	232
13	20
13	33
13	43
13	62
13	75
13	88
13	91
13	105
13	124
13	147
13	159
13	168
13	169
13	188
13	202
13	211
13	239
13	255
14	0
14	5
14	6
14	9
14	31
14	44
14	60
14	67
14	109
14	115
14	129
14	142
14	146
14	155
14	166
14	178
14	199
14	212
14	218
14	239
14	244
15	12
15	29
15	32
15	63
15	131
15	135
15	162
15	173
15	219
15	236
15	247
16	7
16	17
16	47
16	71
16	100
16	177
16	192
16	195
16	225
16	227
16	244
16	246
17	16
17	21
17	27
17	32
17	54
17	64
17	73
17	79
17	84
17	90
17	118
17	147
17	198
17	229
17	252
18	3
18	27
18	75
18	88
18	92
18	109
18	122
18	135
18	139
18	157
18	159
18	197
18	206
18	212
18	237
18	247
18	254
19	1
19	8
19	24
19	34
19	56
19	81
19	90
19	109
19	111
19	127
19	130
19	149
19	167
19	177
19	181
19	206
19	208
19	226
20	13
20	81
20	85
20	86
20	98
20	120
20	121
20	134
20	138
20	232
20	243
20	252
20	253
21	5
21	17
21	29
21	44
21	54
21	86
21	87
21	90
21	104
21	110
21	155
21	196
21	215
21	230
22	2
22	3
22	28
22	35
22	61
22	62
22	75
22	100
22	107
22	114
22	142
22	162
22	168
22	185
22	206
22	246
22	254
23	4
23	28
23	31
23	46
23	49
23	54
23	55
23	56
23	86
23	88
23	126
23	191
23	192
23	196
23	208
23	224
23	237
23	253
24	19
24	31
24	35
24	43
24	64
24	65
24	84
24	98
24	148
24	150
24	157
24	196
24	211
24	228
24	230
24	236
24	242
24	252
25	11
25	36
25	38
25	57
25	81
25	98
25	99
25	108
25	190
25	210
25	218
25	231
25	232
26	10
26	89
26	112
26	159
26	165
26	167
26	198
27	8
27	17
27	18
27	34
27	42
27	58
27	68
27	114
27	116
27	120
27	130
27	131
27	143
27	160
27	198
27	205
27	245
28	0
28	7
28	22
28	23
28	49
28	52
28	56
28	64
28	126
28	183
28	188
28	195
28	201
28	203
28	219
28	220
28	229
28	230
28	241
28	249
29	15
29	21
29	33
29	34
29	52
29	102
29	109
29	125
29	143
29	149
29	156
29	175
29	187
29	191
29	205
29	211
29	229
29	254
30	4
30	40
30	48
30	68
30	73
30	85
30	93
30	107
30	111
30	150
30	164
30	176
30	183
30	184
30	208
30	252
31	14
31	23
31	24
31	57
31	62
31	68
31	91
31	99
31	108
31	119
31	120
31	125
31	150
31	151
31	153
31	170
31	182
31	183
31	191
31	198
31	221
31	232
31	234
32	15
32	17
32	66
32	94
32	102
32	116
32	121
32	131
32	138
32	146
32	163
32	166
32	170
32	190
32	191
32	200
32	201
32	212
32	251
33	13
33	29
33	42
33	67
33	111
33	119
33	151
33	152
33	170
33	182
33	209
33	220
33	231
33	248
33	254
34	19
34	27
34	29
34	49
34	51
34	86
34	102
34	117
34	124
34	126
34	131
34	145
34	151
34	167
34	184
34	185
34	189
34	199
34	225
34	233
34	235
35	22
35	24
35	47
35	61
35	67
35	73
35	75
35	82
35	131
35	138
35	151
35	158
35	167
35	180
35	203
35	211
35	226
35	240
36	3
36	25
36	53
36	66
36	114
36	122
36	136
36	138
36	155
36	158
36	159
36	188
36	216
36	228
36	234
36	246
36	252
37	51
37	59
37	81
37	86
37	89
37	104
37	108
37	109
37	110
37	133
37	143
37	182
37	191
37	211
37	236
37	244
37	250
38	25
38	39
38	47
38	54
38	56
38	59
38	71
38	88
38	89
38	118
38	157
38	195
38	210
38	213
38	221
38	236
38	240
39	7
39	38
39	50
39	52
39	53
39	80
39	108
39	111
39	114
39	182
39	192
39	226
39	227
39	245
40	30
40	51
40	72
40	79
40	81
40	88
40	119
40	136
40	160
40	174
40	205
40	210
40	220
40	234
40	252
41	78
41	100
41	121
41	130
41	140
41	161
41	179
41	196
41	242
42	27
42	33
42	66
42	86
42	112
42	121
42	132
42	205
42	229
42	240
42	243
42	245
43	0
43	13
43	24
43	59
43	115
43	126
43	141
43	172
43	233
43	240
43	247
44	14
44	21
44	59
44	70
44	80
44	114
44	142
44	173
44	178
44	189
44	202
44	205
44	212
44	236
45	12
45	53
45	61
45	84
45	93
45	114
45	132
45	178
45	180
45	194
45	205
45	227
45	249
45	255
46	23
46	56
46	79
46	84
46	91
46	105
46	137
46	152
46	166
46	173
46	233
46	234
46	242
47	16
47	35
47	38
47	71
47	80
47	121
47	124
47	127
47	132
47	144
47	199
47	218
47	237
47	241
47	243
47	246
48	2
48	30
48	55
48	59
48	66
48	117
48	124
48	137
48	153
48	161
48	167
48	169
48	170
48	197
48	203
48	218
49	2
49	23
49	28
49	34
49	72
49	93
49	106
49	112
49	117
49	127
49	137
49	147
49	180
49	185
49	201
50	39
50	65
50	66
50	69
50	114
50	115
50	131
50	162
50	186
50	191
50	229
50	239
50	242
50	246
50	248
50	251
51	7
51	34
51	37
51	40
51	61
51	78
51	91
51	110
51	120
51	123
51	142
51	155
51	161
51	171
51	173
51	189
51	203
51	220
51	248
52	11
52	28
52	29
52	39
52	63
52	68
52	80
52	95
52	104
52	134
52	135
52	166
52	203
52	205
52	212
52	248
53	36
53	39
53	45
53	54
53	58
53	69
53	87
53	108
53	109
53	117
53	122
53	142
53	167
53	176
53	182
53	191
53	218
53	249
53	251
54	4
54	17
54	21
54	23
54	38
54	53
54	64
54	84
54	106
54	136
54	154
54	171
54	215
54	225
55	7
55	23
55	48
55	67
55	96
55	99
55	111
55	121
55	132
55	144
55	149
55	177
55	205
55	212
55	237
56	7
56	19
56	23
56	28
56	38
56	46
56	61
56	62
56	110
56	112
56	128
56	133
56	149
56	154
56	164
56	165
56	172
56	219
56	220
56	221
56	222
56	224
56	228
56	230
56	245
56	249
57	2
57	6
57	25
57	31
57	58
57	66
57	70
57	79
57	91
57	97
57	98
57	101
57	102
57	113
57	153
57	193
57	202
57	210
57	214
57	231
57	239
57	250
58	10
58	27
58	53
58	57
58	62
58	89
58	93
58	94
58	97
58	116
58	120
58	124
58	169
58	180
58	193
58	200
58	219
58	221
58	229
58	230
58	242
59	2
59	3
59	6
59	37
59	38
59	43
59	44
59	48
59	141
59	145
59	159
59	169
59	170
59	181
59	212
60	5
60	6
60	14
60	90
60	138
60	154
60	184
60	201
60	208
60	209
60	215
60	242
60	251
61	22
61	35
61	45
61	51
61	56
61	69
61	76
61	85
61	91
61	100
61	102
61	110
61	134
61	142
61	149
61	164
61	179
61	215
61	217
61	238
61	241
61	252
62	7
62	13
62	22
62	31
62	56
62	58
62	97
62	103
62	107
62	141
62	145
62	151
62	158
62	175
62	188
62	204
62	220
62	234
62	248
63	7
63	15
63	52
63	65
63	68
63	77
63	81
63	96
63	121
63	145
63	150
63	177
63	187
63	214
63	220
63	233
63	245
64	17
64	24
64	28
64	54
64	95
64	103
64	109
64	150
64	152
64	157
64	181
64	186
64	191
64	202
64	204
64	214
64	215
64	218
64	233
64	245
65	24
65	50
65	63
65	72
65	75
65	82
65	104
65	112
65	122
65	132
65	133
65	150
65	154
65	216
65	221
65	224
65	225
65	252
66	7
66	32
66	36
66	42
66	48
66	50
66	57
66	77
66	92
66	109
66	117
66	130
66	137
66	139
66	157
66	179
66	186
66	211
66	215
66	227
66	230
66	247
66	250
66	253
67	0
67	14
67	33
67	35
67	55
67	68
67	72
67	99
67	117
67	128
67	146
67	164
67	168
67	205
67	210
67	225
67	254
68	27
68	30
68	31
68	52
68	63
68	67
68	81
68	84
68	88
68	95
68	102
68	144
68	172
68	187
68	201
68	203
68	210
68	234
69	4
69	50
69	53
69	61
69	77
69	83
69	92
69	106
69	107
69	121
69	130
69	137
69	145
69	165
69	185
69	195
69	196
69	206
69	220
69	235
70	11
70	44
70	57
70	93
70	100
70	116
70	121
70	150
70	167
70	171
70	185
70	238
70	242
71	1
71	6
71	10
71	16
71	38
71	47
71	77
71	80
71	110
71	163
71	169
71	199
71	219
71	225
71	254
71	255
72	3
72	40
72	49
72	65
72	67
72	88
72	117
72	150
72	184
72	209
73	10
73	17
73	30
73	35
73	80
73	84
73	115
73	122
73	131
73	153
73	172
73	181
73	185
73	205
73	230
73	232
74	10
74	90
74	112
74	119
74	166
74	187
74	204
74	222
74	247
75	13
75	18
75	22
75	35
75	65
75	92
75	114
75	135
75	160
75	169
75	243
75	252
76	61
76	94
76	123
76	124
76	184
76	192
76	200
76	241
77	2
77	63
77	66
77	69
77	71
77	86
77	93
77	107
77	118
77	120
77	124
77	125
77	140
77	154
77	158
77	162
77	173
77	216
77	217
77	224
77	225
78	41
78	51
78	99
78	117
78	143
78	150
78	173
78	220
78	252
79	17
79	40
79	46
79	57
79	80
79	89
79	90
79	93
79	100
79	117
79	121
79	122
79	134
79	136
79	161
79	165
79	167
79	176
79	222
79	229
79	236
79	250
79	255
80	6
80	39
80	44
80	47
80	52
80	71
80	73
80	79
80	110
80	114
80	116
80	140
80	151
80	190
80	194
80	227
80	229
81	2
81	19
81	20
81	25
81	37
81	40
81	63
81	68
81	87
81	90
81	98
81	119
81	146
81	154
81	214
81	235
81	246
81	251
81	254
82	1
82	35
82	65
82	89
82	99
82	101
82	130
82	154
82	197
82	209
82	212
82	252
83	69
83	123
83	127
83	162
83	215
83	218
84	17
84	24
84	45
84	46
84	54
84	68
84	73
84	93
84	94
84	100
84	117
84	118
84	127
84	174
84	199
84	241
85	20
85	30
85	61
85	122
85	143
85	145
85	146
85	166
85	183
85	214
85	218
85	222
85	255
86	20
86	21
86	23
86	34
86	37
86	42
86	77
86	88
86	92
86	94
86	100
86	108
86	111
86	130
86	134
86	136
86	140
86	141
86	186
86	189
86	219
86	228
86	239
86	240
86	242
86	254
87	11
87	21
87	53
87	81
87	112
87	117
87	128
87	160
87	195
87	198
87	247
88	13
88	18
88	23
88	38
88	40
88	68
88	72
88	86
88	102
88	103
88	123
88	131
88	139
88	167
88	175
88	235
88	237
89	1
89	26
89	37
89	38
89	58
89	79
89	82
89	90
89	94
89	119
89	135
89	192
89	198
89	202
89	210
89	216
89	229
89	248
89	255
90	17
90	19
90	21
90	60
90	74
90	79
90	81
90	89
90	108
90	129
90	178
90	209
90	254
91	13
91	31
91	46
91	51
91	57
91	61
91	118
91	123
91	125
91	177
91	181
91	183
91	184
91	220
91	226
91	229
91	231
91	253
92	18
92	66
92	69
92	75
92	86
92	148
92	221
92	250
92	251
92	254
93	4
93	30
93	45
93	49
93	58
93	70
93	77
93	79
93	84
93	111
93	117
93	124
93	145
93	181
93	182
93	209
93	228
93	243
94	32
94	58
94	76
94	84
94	86
94	89
94	96
94	100
94	139
94	151
94	152
94	183
94	217
94	249
94	254
95	9
95	52
95	64
95	68
95	104
95	110
95	111
95	112
95	175
95	186
95	206
95	207
95	214
95	231
95	234
96	55
96	63
96	94
96	110
96	124
96	126
96	152
96	160
96	203
96	227
96	233
96	245
97	11
97	12
97	57
97	58
97	62
97	127
97	138
97	149
97	151
97	152
97	159
97	168
97	177
97	181
97	200
97	203
97	208
97	209
97	235
97	245
98	20
98	24
98	25
98	57
98	81
98	116
98	120
98	124
98	126
98	158
98	177
98	179
98	189
98	241
98	250
99	0
99	25
99	31
99	55
99	67
99	78
99	82
99	107
99	169
99	176
99	183
99	191
99	208
99	210
99	242
99	250
100	16
100	22
100	41
100	61
100	70
100	79
100	84
100	86
100	94
100	165
100	186
100	191
100	194
100	208
100	210
100	213
100	225
100	237
100	239
100	254
101	57
101	82
101	125
101	161
101	168
101	172
101	182
101	184
101	189
101	237
101	238
101	251
102	1
102	29
102	32
102	34
102	57
102	61
102	68
102	88
102	103
102	111
102	133
102	150
102	152
102	160
102	183
102	204
102	210
102	223
103	2
103	62
103	64
103	88
103	102
103	122
103	145
103	150
103	162
103	165
103	174
103	176
103	189
103	190
103	215
103	220
103	252
103	254
104	0
104	5
104	21
104	37
104	52
104	65
104	95
104	105
104	163
104	170
104	184
104	209
104	217
104	238
105	13
105	46
105	104
105	106
105	111
105	121
105	123
105	129
105	132
105	134
105	141
105	163
105	190
105	204
105	205
105	207
105	232
105	253
106	7
106	49
106	54
106	69
106	105
106	109
106	115
106	118
106	122
106	130
106	133
106	139
106	140
106	150
106	156
106	163
106	164
106	166
106	184
106	209
106	240
107	22
107	30
107	62
107	69
107	77
107	99
107	123
107	152
107	167
107	204
107	209
107	228
107	240
107	245
107	247
107	250
108	3
108	25
108	31
108	37
108	39
108	53
108	86
108	90
108	136
108	157
108	158
108	166
108	170
108	184
108	189
108	204
108	227
108	231
108	251
109	14
109	18
109	19
109	29
109	37
109	53
109	64
109	66
109	106
109	127
109	128
109	173
109	181
109	201
109	217
109	246
110	11
110	21
110	37
110	51
110	56
110	61
110	71
110	80
110	95
110	96
110	124
110	130
110	149
110	156
110	173
110	181
110	198
110	204
110	209
110	214
110	227
110	237
110	250
111	5
111	19
111	30
111	33
111	39
111	55
111	86
111	93
111	95
111	102
111	105
111	113
111	119
111	133
111	143
111	145
111	147
111	165
111	170
111	172
111	175
111	181
111	183
111	198
111	237
111	248
112	26
112	42
112	49
112	56
112	65
112	74
112	87
112	95
112	130
112	172
112	194
112	218
112	229
112	235
112	248
113	2
113	57
113	111
113	132
113	134
113	158
113	161
113	163
113	171
113	199
113	200
113	202
113	220
113	221
113	224
113	239
114	5
114	22
114	27
114	36
114	39
114	44
114	45
114	50
114	75
114	80
114	130
114	136
114	149
114	150
114	171
114	179
114	200
114	211
114	215
114	230
114	237
114	250
115	5
115	12
115	14
115	43
115	50
115	73
115	106
115	122
115	127
115	132
115	157
115	171
115	175
115	228
115	230
115	237
116	27
116	32
116	58
116	70
116	80
116	98
116	135
116	152
116	160
116	216
116	228
117	3
117	34
117	48
117	49
117	53
117	66
117	67
117	72
117	78
117	79
117	84
117	87
117	93
117	124
117	132
117	148
117	166
117	215
117	236
118	12
118	17
118	38
118	77
118	84
118	91
118	106
118	128
118	135
118	170
118	190
118	214
118	215
118	223
118	240
118	244
119	11
119	31
119	33
119	40
119	74
119	81
119	89
119	111
119	127
119	143
119	170
119	175
119	185
119	204
119	212
119	223
119	236
119	237
119	253
120	0
120	4
120	20
120	27
120	31
120	51
120	58
120	77
120	98
120	138
120	150
120	177
120	206
120	220
120	237
121	20
121	32
121	41
121	42
121	47
121	55
121	63
121	69
121	70
121	79
121	105
121	124
121	161
121	168
121	173
121	184
121	198
121	209
121	217
121	231
121	240
122	7
122	11
122	18
122	36
122	53
122	65
122	73
122	79
122	85
122	103
122	106
122	115
122	129
122	135
122	146
122	152
122	161
122	182
122	191
122	204
122	208
122	210
122	226
122	244
122	248
123	51
123	76
123	83
123	88
123	91
123	105
123	107
123	127
123	133
123	159
123	168
123	186
123	196
123	198
123	207
123	221
124	1
124	13
124	34
124	47
124	48
124	58
124	76
124	77
124	93
124	96
124	98
124	110
124	117
124	121
124	143
124	164
124	177
124	186
124	195
124	208
124	224
124	225
124	234
124	238
124	241
124	252
125	1
125	29
125	31
125	77
125	91
125	101
125	137
125	148
125	166
125	191
125	192
125	196
125	210
125	227
126	9
126	23
126	28
126	34
126	43
126	96
126	98
126	152
126	167
126	168
126	207
126	219
126	225
126	238
126	251
127	3
127	19
127	47
127	49
127	83
127	84
127	97
127	109
127	115
127	119
127	123
127	163
127	203
127	236
127	247
127	251
128	56
128	67
128	87
128	109
128	118
128	148
128	161
128	165
128	166
128	168
128	175
128	196
128	207
128	213
128	232
128	234
128	239
128	250
129	4
129	14
129	90
129	105
129	122
129	152
129	172
129	179
129	181
129	204
129	208
129	220
129	223
129	232
130	19
130	27
130	41
130	66
130	69
130	82
130	86
130	106
130	110
130	112
130	114
130	145
130	174
130	185
130	189
130	195
130	209
130	214
130	222
130	224
130	253
131	10
131	15
131	27
131	32
131	34
131	35
131	50
131	73
131	88
131	189
131	248
132	8
132	42
132	45
132	47
132	55
132	65
132	105
132	113
132	115
132	117
132	141
132	148
132	160
132	170
132	173
132	190
132	198
132	201
132	230
133	37
133	56
133	65
133	102
133	106
133	111
133	123
133	151
133	159
133	162
133	167
133	201
133	205
133	237
133	240
133	246
134	5
134	6
134	7
134	20
134	52
134	61
134	79
134	86
134	105
134	113
134	142
134	170
134	181
134	185
134	191
134	223
134	224
134	232
135	15
135	18
135	52
135	75
135	89
135	116
135	118
135	122
135	154
135	171
135	173
135	200
135	205
135	244
135	255
136	1
136	12
136	36
136	40
136	54
136	79
136	86
136	108
136	114
136	150
136	178
136	187
136	221
136	232
136	243
136	246
136	251
137	46
137	48
137	49
137	66
137	69
137	125
137	141
137	144
137	205
137	219
137	222
137	228
137	237
137	243
138	20
138	32
138	35
138	36
138	60
138	97
138	120
138	164
138	179
138	195
138	210
139	18
139	66
139	88
139	94
139	106
139	141
139	148
139	186
139	188
139	193
139	196
139	199
139	207
139	217
139	231
139	250
140	6
140	8
140	11
140	41
140	77
140	80
140	86
140	106
140	154
140	175
140	194
140	220
140	252
141	10
141	43
141	59
141	62
141	86
141	105
141	132
141	137
141	139
141	148
141	169
141	202
141	207
141	212
141	248
142	14
142	22
142	44
142	51
142	53
142	61
142	134
142	146
142	148
142	149
142	152
142	159
142	171
142	195
142	212
143	27
143	29
143	37
143	78
143	85
143	111
143	119
143	124
143	151
143	159
143	195
143	202
143	227
143	236
143	245
143	246
144	10
144	12
144	47
144	55
144	68
144	137
144	147
144	154
144	171
144	177
144	183
144	185
144	202
144	250
144	253
145	1
145	11
145	34
145	59
145	62
145	63
145	69
145	85
145	93
145	103
145	111
145	130
145	176
145	179
145	241
145	243
145	249
146	5
146	11
146	14
146	32
146	67
146	81
146	85
146	122
146	142
146	162
146	181
146	202
146	223
146	234
146	235
147	0
147	3
147	6
147	13
147	17
147	49
147	111
147	144
147	199
147	247
148	5
148	24
148	92
148	117
148	125
148	128
148	132
148	139
148	141
148	142
148	151
148	153
148	157
148	178
148	207
148	225
148	228
148	254
149	19
149	29
149	55
149	56
149	61
149	97
149	110
149	114
149	142
149	154
149	155
149	169
149	176
149	183
149	204
149	217
149	226
149	228
149	244
150	0
150	10
150	24
150	30
150	31
150	63
150	64
150	65
150	70
150	72
150	78
150	102
150	103
150	106
150	114
150	120
150	136
150	158
150	169
150	170
150	182
150	193
150	217
150	222
150	225
150	254
151	5
151	7
151	31
151	33
151	34
151	35
151	62
151	80
151	94
151	97
151	133
151	143
151	148
151	170
151	179
151	180
151	193
151	213
151	215
151	219
151	224
151	250
152	0
152	33
152	46
152	64
152	94
152	96
152	97
152	102
152	107
152	116
152	122
152	126
152	129
152	142
152	163
152	168
152	174
152	179
152	183
152	189
152	220
152	224
152	227
153	31
153	48
153	57
153	73
153	148
153	190
154	54
154	56
154	60
154	65
154	77
154	81
154	82
154	135
154	140
154	144
154	149
154	163
154	173
154	174
154	184
154	214
154	236
154	241
154	252
155	9
155	14
155	21
155	36
155	51
155	149
155	157
155	163
155	229
155	238
155	239
156	0
156	9
156	29
156	106
156	110
156	166
156	215
156	227
156	245
156	253
157	18
157	24
157	38
157	64
157	66
157	108
157	115
157	148
157	155
157	173
157	181
157	189
157	196
157	197
157	203
157	210
157	221
157	224
157	232
157	233
157	248
157	252
158	4
158	6
158	35
158	36
158	62
158	77
158	98
158	108
158	113
158	150
158	174
158	177
158	218
159	3
159	13
159	18
159	26
159	36
159	59
159	97
159	123
159	133
159	142
159	143
159	162
159	164
159	172
159	179
159	186
160	27
160	40
160	75
160	87
160	96
160	102
160	116
160	132
160	191
160	199
160	206
160	209
160	220
161	8
161	12
161	41
161	48
161	51
161	79
161	101
161	113
161	121
161	122
161	128
161	180
161	192
162	15
162	22
162	50
162	77
162	83
162	103
162	133
162	146
162	159
162	169
162	175
162	183
162	201
162	222
162	230
163	12
163	32
163	71
163	104
163	105
163	106
163	113
163	127
163	152
163	154
163	155
163	167
163	176
163	209
163	229
163	239
164	30
164	56
164	61
164	67
164	106
164	124
164	138
164	159
164	171
164	240
165	26
165	56
165	69
165	79
165	100
165	103
165	111
165	128
165	182
165	205
165	213
165	236
165	241
165	245
166	14
166	32
166	46
166	52
166	74
166	85
166	106
166	108
166	117
166	125
166	128
166	156
166	178
166	182
166	209
166	228
167	6
167	8
167	19
167	26
167	34
167	35
167	48
167	53
167	70
167	79
167	88
167	107
167	126
167	133
167	163
167	179
167	191
167	199
167	211
167	229
167	237
167	239
167	253
168	0
168	13
168	22
168	67
168	97
168	101
168	121
168	123
168	126
168	128
168	152
168	199
168	227
169	5
169	10
169	13
169	48
169	58
169	59
169	71
169	75
169	99
169	141
169	149
169	150
169	162
169	194
169	207
169	217
170	7
170	8
170	31
170	32
170	33
170	48
170	59
170	104
170	108
170	111
170	118
170	119
170	132
170	134
170	150
170	151
170	193
170	225
170	245
171	51
171	54
171	70
171	113
171	114
171	115
171	135
171	142
171	144
171	164
171	173
171	178
171	205
171	209
171	212
171	213
171	232
171	233
172	7
172	10
172	11
172	43
172	56
172	68
172	73
172	101
172	111
172	112
172	129
172	159
172	175
172	184
172	197
172	212
172	213
172	252
173	3
173	15
173	44
173	46
173	51
173	77
173	78
173	109
173	110
173	121
173	132
173	135
173	154
173	157
173	171
173	190
173	196
173	228
173	232
173	233
173	249
174	40
174	84
174	103
174	130
174	152
174	154
174	158
174	183
174	184
174	202
175	0
175	5
175	7
175	29
175	62
175	88
175	95
175	111
175	115
175	119
175	128
175	140
175	162
175	172
175	177
175	179
175	205
176	6
176	30
176	53
176	79
176	99
176	103
176	145
176	149
176	163
176	186
176	188
176	226
176	228
176	232
177	6
177	16
177	19
177	55
177	63
177	91
177	97
177	98
177	120
177	124
177	144
177	158
177	175
177	186
177	212
177	251
177	253
178	14
178	44
178	45
178	90
178	136
178	148
178	166
178	171
178	208
178	212
178	225
178	240
178	243
178	245
179	41
179	61
179	66
179	98
179	114
179	129
179	138
179	145
179	151
179	152
179	159
179	167
179	175
179	184
179	187
179	193
179	196
179	200
179	218
179	242
179	253
180	11
180	35
180	45
180	49
180	58
180	151
180	161
180	201
180	202
180	203
180	210
180	220
180	243
181	6
181	19
181	59
181	64
181	73
181	91
181	93
181	97
181	109
181	110
181	111
181	129
181	134
181	146
181	157
181	183
181	188
181	192
181	248
181	250
182	31
182	33
182	37
182	39
182	53
182	93
182	101
182	122
182	150
182	165
182	166
182	184
182	204
182	206
182	250
183	10
183	28
183	30
183	31
183	85
183	91
183	94
183	99
183	102
183	111
183	144
183	149
183	152
183	162
183	174
183	181
183	202
183	241
184	8
184	30
184	34
184	60
184	72
184	76
184	91
184	101
184	104
184	106
184	108
184	121
184	154
184	172
184	174
184	179
184	182
184	203
184	204
184	233
184	247
184	248
185	22
185	34
185	49
185	69
185	70
185	73
185	119
185	130
185	134
185	144
185	217
185	230
185	250
185	254
186	50
186	64
186	66
186	86
186	95
186	100
186	123
186	124
186	139
186	159
186	176
186	177
186	205
186	213
186	217
186	218
186	227
186	228
187	29
187	63
187	68
187	74
187	136
187	179
187	191
187	223
187	224
187	243
187	248
188	10
188	13
188	28
188	36
188	62
188	139
188	176
188	181
188	195
188	203
188	204
188	243
188	247
189	6
189	7
189	9
189	34
189	44
189	51
189	86
189	98
189	101
189	103
189	108
189	130
189	131
189	152
189	157
189	204
189	219
189	231
189	251
190	25
190	32
190	80
190	103
190	105
190	118
190	132
190	153
190	173
190	193
190	198
190	202
190	208
190	210
190	224
190	246
191	3
191	7
191	23
191	29
191	31
191	32
191	37
191	50
191	53
191	64
191	99
191	100
191	122
191	125
191	134
191	160
191	167
191	187
191	197
191	199
191	234
191	235
191	243
191	254
192	8
192	16
192	23
192	39
192	76
192	89
192	125
192	161
192	181
192	206
192	221
192	238
192	244
193	7
193	57
193	58
193	139
193	150
193	151
193	170
193	179
193	190
193	213
193	248
194	3
194	45
194	80
194	100
194	112
194	140
194	169
194	195
194	200
194	229
194	231
194	232
194	235
194	238
195	5
195	16
195	28
195	38
195	69
195	87
195	124
195	130
195	138
195	142
195	143
195	188
195	194
195	207
195	208
195	252
196	12
196	21
196	23
196	24
196	41
196	69
196	123
196	125
196	128
196	139
196	157
196	173
196	179
196	197
196	233
197	5
197	9
197	18
197	48
197	82
197	157
197	172
197	191
197	196
197	210
197	236
197	243
197	247
198	17
198	26
198	27
198	31
198	87
198	89
198	110
198	111
198	121
198	123
198	132
198	190
198	209
198	228
199	14
199	34
199	47
199	71
199	84
199	113
199	139
199	147
199	160
199	167
199	168
199	191
200	32
200	58
200	76
200	97
200	113
200	114
200	135
200	179
200	194
200	202
200	213
200	214
200	218
200	235
200	242
200	247
201	28
201	32
201	49
201	60
201	68
201	109
201	132
201	133
201	162
201	180
201	215
201	241
201	244
201	250
202	3
202	8
202	13
202	44
202	57
202	64
202	89
202	113
202	141
202	143
202	144
202	146
202	174
202	180
202	183
202	190
202	200
202	204
203	1
203	7
203	11
203	28
203	35
203	48
203	51
203	52
203	68
203	96
203	97
203	127
203	157
203	180
203	184
203	188
203	204
203	223
203	234
204	7
204	62
204	64
204	74
204	102
204	105
204	107
204	108
204	110
204	119
204	122
204	129
204	149
204	182
204	184
204	188
204	189
204	202
204	203
204	207
204	230
204	233
205	11
205	27
205	29
205	40
205	42
205	44
205	45
205	52
205	55
205	67
205	73
205	105
205	133
205	135
205	137
205	165
205	171
205	175
205	186
205	216
205	247
205	249
206	18
206	19
206	22
206	69
206	95
206	120
206	160
206	182
206	192
206	211
206	212
206	232
206	245
207	95
207	105
207	123
207	126
207	128
207	139
207	141
207	148
207	169
207	195
207	204
207	248
208	6
208	19
208	23
208	30
208	60
208	97
208	99
208	100
208	122
208	124
208	129
208	178
208	190
208	195
208	237
208	246
208	251
209	11
209	33
209	60
209	72
209	82
209	90
209	93
209	97
209	104
209	106
209	107
209	110
209	121
209	130
209	160
209	163
209	166
209	171
209	198
209	214
209	224
209	229
209	251
210	25
210	38
210	40
210	57
210	67
210	68
210	89
210	99
210	100
210	102
210	122
210	125
210	138
210	157
210	180
210	190
210	197
210	211
210	217
210	224
210	228
211	5
211	13
211	24
211	29
211	35
211	37
211	66
211	114
211	167
211	206
211	210
211	247
212	9
212	14
212	18
212	32
212	44
212	52
212	55
212	59
212	82
212	119
212	141
212	142
212	171
212	172
212	177
212	178
212	206
212	215
212	239
212	246
213	38
213	100
213	128
213	151
213	165
213	171
213	172
213	186
213	193
213	200
213	215
213	219
213	231
213	238
214	2
214	4
214	57
214	63
214	64
214	81
214	85
214	95
214	110
214	118
214	130
214	154
214	200
214	209
214	230
215	4
215	21
215	54
215	60
215	61
215	64
215	66
215	83
215	103
215	114
215	117
215	118
215	151
215	156
215	201
215	212
215	213
215	218
215	224
215	242
215	249
216	9
216	36
216	65
216	77
216	89
216	116
216	205
216	241
217	4
217	7
217	61
217	77
217	94
217	104
217	109
217	121
217	139
217	149
217	150
217	169
217	185
217	186
217	210
217	233
217	236
217	241
217	251
218	14
218	25
218	47
218	48
218	53
218	64
218	83
218	85
218	112
218	158
218	179
218	186
218	200
218	215
218	246
218	253
219	15
219	28
219	56
219	58
219	71
219	86
219	126
219	137
219	151
219	189
219	213
219	233
219	238
219	253
220	28
220	33
220	40
220	51
220	56
220	62
220	63
220	69
220	78
220	91
220	103
220	113
220	120
220	129
220	140
220	152
220	160
220	180
220	242
221	2
221	8
221	31
221	38
221	56
221	58
221	65
221	92
221	113
221	123
221	136
221	157
221	192
221	227
221	229
221	235
221	242
221	254
222	8
222	9
222	56
222	74
222	79
222	85
222	130
222	137
222	150
222	162
222	234
222	244
223	102
223	118
223	119
223	129
223	134
223	146
223	187
223	203
223	229
223	252
223	255
224	5
224	11
224	23
224	56
224	65
224	77
224	113
224	124
224	130
224	134
224	151
224	152
224	157
224	187
224	190
224	209
224	210
224	215
224	247
224	254
225	16
225	34
225	54
225	65
225	67
225	71
225	77
225	100
225	124
225	126
225	148
225	150
225	170
225	178
226	19
226	35
226	39
226	91
226	122
226	149
226	176
226	236
226	253
227	16
227	39
227	45
227	66
227	80
227	96
227	108
227	110
227	125
227	143
227	152
227	156
227	168
227	186
227	221
227	234
227	246
228	0
228	6
228	24
228	36
228	56
228	86
228	93
228	107
228	115
228	116
228	137
228	148
228	149
228	166
228	173
228	176
228	186
228	198
228	210
228	240
229	17
229	28
229	29
229	42
229	50
229	58
229	79
229	80
229	89
229	91
229	112
229	155
229	163
229	167
229	194
229	209
229	221
229	223
229	234
229	244
229	255
230	21
230	24
230	28
230	56
230	58
230	66
230	73
230	114
230	115
230	132
230	162
230	185
230	204
230	214
230	231
230	252
231	3
231	25
231	33
231	57
231	91
231	95
231	108
231	121
231	139
231	189
231	194
231	213
231	230
231	241
231	243
231	250
232	12
232	20
232	25
232	31
232	73
232	105
232	128
232	129
232	134
232	136
232	157
232	171
232	173
232	176
232	194
232	206
232	235
233	6
233	10
233	34
233	43
233	46
233	63
233	64
233	96
233	157
233	171
233	173
233	184
233	196
233	204
233	217
233	219
233	236
233	247
233	250
234	31
234	36
234	40
234	46
234	62
234	68
234	95
234	124
234	128
234	146
234	191
234	203
234	222
234	227
234	229
234	238
234	245
235	8
235	34
235	69
235	81
235	88
235	97
235	112
235	146
235	191
235	194
235	200
235	221
235	232
236	15
236	24
236	37
236	38
236	44
236	79
236	117
236	119
236	127
236	143
236	154
236	165
236	197
236	217
236	226
236	233
237	18
237	23
237	47
237	55
237	88
237	100
237	101
237	110
237	111
237	114
237	115
237	119
237	120
237	133
237	137
237	167
237	208
238	2
238	6
238	61
238	70
238	101
238	104
238	124
238	126
238	155
238	192
238	194
238	213
238	219
238	234
238	252
239	9
239	10
239	13
239	14
239	50
239	57
239	86
239	100
239	113
239	128
239	155
239	163
239	167
239	212
240	5
240	35
240	38
240	42
240	43
240	86
240	106
240	107
240	118
240	121
240	133
240	164
240	178
240	228
241	0
241	28
241	47
241	61
241	76
241	84
241	98
241	124
241	145
241	154
241	165
241	183
241	201
241	216
241	217
241	231
241	247
242	4
242	10
242	24
242	41
242	46
242	50
242	58
242	60
242	70
242	86
242	99
242	179
242	200
242	215
242	220
242	221
243	4
243	20
243	42
243	47
243	75
243	93
243	136
243	137
243	145
243	178
243	180
243	187
243	188
243	191
243	197
243	231
244	14
244	16
244	37
244	118
244	122
244	135
244	149
244	192
244	201
244	222
244	229
244	250
244	253
244	254
245	27
245	39
245	42
245	56
245	63
245	64
245	96
245	97
245	107
245	143
245	156
245	165
245	170
245	178
245	206
245	234
246	16
246	22
246	36
246	47
246	50
246	81
246	109
246	133
246	136
246	143
246	190
246	208
246	212
246	218
246	227
247	1
247	15
247	18
247	43
247	66
247	74
247	87
247	107
247	127
247	147
247	184
247	188
247	197
247	200
247	205
247	211
247	224
247	233
247	241
248	0
248	33
248	50
248	51
248	52
248	62
248	89
248	111
248	112
248	122
248	131
248	141
248	157
248	181
248	184
248	187
248	193
248	207
249	28
249	45
249	53
249	56
249	94
249	145
249	173
249	205
249	215
250	2
250	10
250	37
250	57
250	66
250	79
250	92
250	98
250	99
250	107
250	110
250	114
250	128
250	139
250	144
250	151
250	181
250	182
250	185
250	201
250	231
250	233
250	244
251	32
251	50
251	53
251	60
251	81
251	92
251	101
251	108
251	126
251	127
251	136
251	177
251	189
251	208
251	209
251	217
252	2
252	5
252	17
252	20
252	24
252	30
252	36
252	40
252	61
252	65
252	75
252	78
252	82
252	103
252	124
252	140
252	154
252	157
252	172
252	195
252	223
252	230
252	238
253	3
253	20
253	23
253	66
253	91
253	105
253	119
253	130
253	144
253	156
253	167
253	177
253	179
253	218
253	219
253	226
253	244
253	254
254	18
254	22
254	29
254	33
254	67
254	71
254	81
254	86
254	90
254	92
254	94
254	100
254	103
254	148
254	150
254	185
254	191
254	221
254	224
254	244
254	253
255	13
255	45
255	71
255	79
255	85
255	89
255	135
255	223
255	229
